102708
102827
102828
102830
102831
102832
102924
102925
102932
102940
102943
102947
102955
102956
102998
103002
103003
103004
103005
103009
103010
103011
103012
103013
103014
103015
103016
103018
103019
103020
103022
103023
103024
103025
103026
103027
103028
103029
103030
103031
103032
103033
103035
103037
103038
103040
103041
103042
103043
103044
103045
103046
103047
103048
103049
103057
103060
103063
103065
103077
103081
103082
103083
103084
103097
103102
103106
103110
103155
103165
103170
103174
103178
103203
103216
103217
103218
103219
103222
103296
103297
103298
103299
103301
103302
103304
103305
103308
103310
103320
103323
103325
103326
103360
103417
103418
103419
103420
103421
103422
103424
103425
103427
103428
103431
103432
103434
103451
103470
103472
103473
103474
103476
103477
103480
103485
103487
103488
103522
103530
103536
103539
103540
103541
103544
103546
103555
103556
103561
103564
103568
103575
103583
103588
103615
103621
103638
103639
103640
103641
103642
103643
103644
103648
103649
103650
103651
103669
103671
103672
103673
103675
103680
103682
103689
103690
103691
103692
103693
103694
103695
103696
103697
103698
103699
103700
103701
103702
103703
103704
103705
103706
103707
103708
103709
103710
103711
103712
103713
103714
103715
103716
103717
103718
103719
103720
103721
103722
103723
103724
103725
103759
103760
103762
103769
103770
103773
103775
103777
103784
103785
103787
103789
103805
103812
103813
103818
103819
103821
103864
103868
103870
103872
103874
103885
103897
103898
103904
103905
103906
103907
103908
103909
103910
103911
103912
103913
103914
103915
103918
103920
103922
103924
103925
103926
103927
103928
103930
103933
103935
103936
103937
103938
103939
103940
103941
103942
103943
103944
103945
103946
103947
103948
103949
103951
103952
103953
103954
103955
103956
103957
103959
103961
103962
103965
103970
103971
103972
103973
103977
103990
103991
103992
103993
103994
103996
103997
103998
103999
104000
104001
104002
104003
104039
104040
104042
104044
104046
104047
104048
104049
104050
104051
104052
104053
104060
104061
104062
104064
104065
104068
104069
104070
104071
104072
104073
104074
104075
104076
104077
104078
104079
104080
104081
104082
104083
104085
104086
104087
104088
104089
104090
104091
104251
104253
104390
104450
104463
104490
104491
104492
104493
104494
104497
104498
104522
104523
104524
104525
104526
104527
104528
104529
104535
104536
104537
104538
104539
104540
104541
104542
104543
104544
104550
104553
104555
104559
104560
104562
104563
104566
104577
104602
104603
104604
104605
104606
104607
104608
104609
104610
104611
104612
104613
104614
104615
104616
104617
104618
104619
104621
104622
104770
107403
107421
109520
109521
109522
109523
109524
109525
109526
109527
109528
109530
109531
109532
109533
109534
109535
109536
109538
109539
109546
109548
109550
109552
109553
109554
109555
109556
109557
109558
109559
109560
109568
109570
109571
109573
109574
109576
109577
109578
109580
109581
109618
113017
113031
113039
113043
113046
118532
119492
122331
12390
123914
12417
124330
124807
124822
124823
124824
124826
124827
124828
124829
124830
124831
124832
124833
124835
124836
124839
124840
124841
124842
124843
124845
124847
124848
124849
124851
124852
124853
124854
124855
124856
124857
124858
124859
124860
124861
124862
124863
124865
124868
124869
124871
124949
125314
125315
125316
125317
125318
125319
125320
125321
125322
125323
125324
125325
125326
125327
125328
125330
125331
125332
125333
125334
125335
125336
125337
125338
125339
125340
125341
125342
125343
125344
125345
125346
125347
125348
125350
125351
125352
125353
125354
125355
125356
125357
125358
125359
125360
125361
125362
125363
125364
125365
125367
125368
125369
12589
126836
126838
126839
126840
126841
126842
126843
126844
126845
126846
126847
126848
126849
126851
126852
126853
126854
126855
126856
126857
126858
126859
126860
126861
126862
126863
126864
126865
126866
126867
126868
126869
126870
126872
126873
126874
126875
126876
126877
126878
126879
126880
126881
126882
126883
126884
126885
126886
126887
126888
126889
126890
126891
126892
126893
126894
126895
126896
126897
126898
126899
126900
126901
126902
126903
126904
126905
126906
126907
126908
126909
126910
126911
126912
126913
126914
126915
126916
126917
126918
126920
126921
126922
126923
126924
126925
126926
126927
126928
126929
126930
126931
126932
126933
126934
126935
126936
126937
126938
126939
126940
126941
126942
126943
126944
126945
126946
126947
126948
126949
126950
126951
126952
126953
126954
126955
126957
126958
126959
126960
126961
126962
126963
126964
126965
126966
126967
126968
126969
126970
126971
126972
126973
126974
126975
126977
126978
126979
126980
126981
126982
127245
127323
127328
127337
127338
127339
127340
127341
127342
127343
127344
127345
127346
127347
127348
13352
134163
138740
138966
139528
142030
148388
17898
17900
201179
207116
207132
207137
207190
207191
207203
207205
207207
207267
207270
207271
207272
207273
207277
207280
207287
207292
207317
207319
207332
207334
207336
207342
207354
207371
207380
207388
207696
207781
207799
207806
207818
207830
207831
207838
207839
207872
207888
207898
208560
208562
208564
210027
210033
210039
210066
210068
210070
210141
221036
221749
226863
229402
232528
234968
235110
249455
250081
25217
252612
257946
267540
278132
280042
283065
29178
298026
303824
303864
303875
303887
305015
305040
305150
305166
305182
305203
305209
305229
305284
305285
305287
305288
305299
305372
305382
305389
305395
305410
305443
305453
305454
305459
305460
305581
305620
305648
306110
306836
306837
306838
306839
306840
306841
306842
306843
306844
306845
306846
306847
306848
306849
306850
306851
306852
306853
306854
306855
306856
306857
306858
306859
306860
306861
306862
306864
306865
306866
306867
306869
306870
306871
306872
306873
306874
306875
306876
306877
306878
306879
306880
306881
306882
306883
306884
306885
306886
306887
306888
306889
306890
306891
306892
306893
306894
306895
306896
306897
306898
306899
306900
306901
306902
306903
306904
306905
306906
306907
306908
306909
306910
306911
306912
306913
306914
306915
306916
306917
306918
306919
306920
306921
306922
306923
306924
306925
306926
306927
306928
306929
306930
306931
306932
306933
306934
306935
306936
306937
306938
306939
306940
306941
306942
306943
306944
306945
306946
306947
306948
306949
306950
306951
306952
306953
306954
306955
306956
306957
306958
306959
306960
306961
306962
306963
306965
306966
306967
306968
306969
306970
306971
306972
306973
306974
306975
306976
306977
306978
306979
306980
306981
306982
306983
306984
306985
306986
306987
306988
306989
306990
306991
306992
306993
306994
306995
306996
306997
306998
306999
307000
307001
307002
307003
307004
307005
307006
307007
307008
307009
307010
307011
307012
307013
307015
307016
307017
307018
307019
307020
307021
307022
307023
307024
307025
307026
307027
307028
307029
307030
307031
307032
307033
307034
307035
307036
307037
307038
307039
307040
307041
307042
307043
307044
307045
307046
307047
307048
307049
307050
307051
307053
307054
307055
307056
307057
307058
307059
307060
307061
307062
307063
307064
307065
307066
307067
307068
307069
307070
307071
307072
307073
307074
307075
307076
307077
307078
307079
307080
307081
307082
307083
307084
307085
307086
307087
307088
307089
307090
307091
307093
307094
307095
307096
307097
307098
307099
307100
307101
307102
307103
307104
307105
307106
307107
307108
307109
307110
307111
307112
307113
307114
307115
307116
307117
307118
307119
307120
307121
308289
308290
308323
321978
321979
321980
321981
321982
321983
321984
321985
321986
321987
321988
321989
321990
321991
321992
321993
321994
321995
321997
321998
321999
322000
322001
322002
322003
322010
322011
322012
322014
322015
322016
322017
322019
322020
322021
322022
322023
322024
322025
322026
322027
322028
322029
322030
322031
322032
322033
322110
322111
322113
322114
322115
322116
322117
322118
322119
322120
322121
322130
322133
322134
322135
322136
322137
322146
322147
322148
322149
322150
322151
322152
322153
322154
322155
322156
322159
322160
322161
322162
322163
322164
322165
322169
322170
322171
322172
322173
322174
322176
322177
322178
322179
322180
322181
322182
322183
322184
322189
322190
322192
322211
322213
322223
322224
322225
322233
322236
322246
322255
322257
322260
322262
322271
322278
322279
322289
322290
322291
322292
322293
322294
322295
322296
322305
322308
322321
322322
322324
322325
322326
322327
322328
322329
322330
322332
322333
322334
322335
322336
322337
322338
322339
322340
322341
322342
322343
322387
322388
322389
322422
322423
322424
322430
322431
322434
322488
322489
322490
322491
322492
322493
322494
322495
322496
322497
322498
322499
322500
322501
322502
322503
322504
322505
322506
322507
322508
322509
322510
322513
322515
322516
322569
322570
322571
322572
322573
322574
322575
322576
322577
322578
322579
322580
322581
322583
322584
322585
322586
322587
322588
322589
322591
322592
322593
322594
322600
322607
322619
322633
322634
322635
322651
322652
322653
322654
322655
322656
322657
322658
322659
322661
322662
322663
322664
322665
322666
322668
322669
322670
322671
322672
322673
322674
322675
322676
322677
322678
322679
322680
322681
322682
322683
322689
322690
322691
322692
322694
322699
322701
322703
322704
322705
322706
322707
322708
322709
322710
322711
322712
322713
322714
322715
322716
322717
322718
322719
322720
322721
322722
322723
322724
322725
322727
322728
322729
322732
322733
322734
322735
322736
322739
322741
322751
322752
322753
322754
322759
322768
322773
322782
323041
323042
323043
323044
323045
323046
323047
323048
323049
323050
323051
323052
323053
323054
323055
323056
323057
323058
323059
323060
323061
323116
323118
323119
323123
323128
323133
323139
323147
323156
323157
323168
323178
323183
323215
323216
323217
323218
323228
323231
323232
323233
323301
323306
323310
323312
323313
323314
323315
323316
323317
324131
324132
324133
324134
324135
324136
324137
324138
324139
324140
324141
324142
324279
324282
324283
324287
324292
324293
324309
324310
324311
324312
324313
324314
324315
324316
324317
324318
324319
324320
324321
324331
324335
324345
324824
324825
324826
324832
324834
324835
324838
324839
324841
324842
324843
324846
324847
324848
324849
324850
324851
324852
324853
324856
324857
324858
324864
324865
324866
324867
324868
324869
324870
324871
324872
324875
324876
324877
324878
324879
324881
324883
324885
324890
324895
324900
324905
324906
324907
324908
324909
324910
324911
325014
325015
325016
325017
325018
325019
325020
325021
325022
325023
325024
325026
325034
325040
325167
325730
325731
325732
325734
325747
325748
325749
325750
325758
325759
325760
325762
325764
325767
325768
325769
325770
325771
325772
325773
325774
325775
325777
325779
325780
325781
325782
325783
325784
325786
325787
325788
325789
325790
325791
325792
325793
325794
325795
325796
325797
325798
325799
325800
325801
325805
325806
325807
325809
325810
326300
326328
326329
326330
326331
326332
326333
326335
326474
326475
326477
326479
326480
326482
326487
326488
326489
326490
326504
326505
326506
326510
326516
326517
326518
326519
326520
326521
326522
326523
326525
326526
326533
326534
326535
326536
326537
326547
326548
326549
326550
326551
326552
326571
326572
326574
326577
326579
326581
326583
326613
326614
326615
326616
326617
326618
326619
326620
326623
326626
326633
326635
326641
326644
326671
326673
326674
326676
326679
326681
326682
326684
326685
326686
326687
326688
326689
326690
326692
326693
326695
326696
326698
326700
326702
326705
326707
326708
326709
326710
326711
326713
326714
326715
326716
326717
326718
326719
326721
326723
326724
326725
326726
326727
326729
326730
326731
326732
326733
326735
326736
326737
326738
326740
326741
326742
326743
326745
326749
326750
326751
326753
326754
326756
326757
326758
326759
326761
326763
326766
326767
326769
326770
326771
326895
326897
326898
326900
326904
326907
326908
326930
326931
326938
326939
326941
326943
326944
326945
326947
326968
326969
326974
326978
326981
326984
327020
327022
327024
327031
327033
327036
327041
327043
327050
327053
327057
327074
327078
327083
327097
327098
327099
327100
327102
327106
327108
327109
327111
327113
327117
327181
327182
327184
327193
327194
327196
327203
327220
327227
329231
329232
329235
329236
329237
329239
32983
333461
333462
333463
333465
333467
333469
333474
333475
333476
333477
333478
333986
33894
33897
33898
33899
33902
33905
33914
33918
33919
33921
33922
33923
33924
33928
33929
33930
33931
33936
33937
33959
33970
33975
33981
33982
33983
33984
33985
33986
33988
33989
33990
33991
33992
33993
33994
33996
33997
33998
33999
34000
34001
34011
34014
34017
34030
34032
34039
34042
34044
340443
340444
340445
340446
340447
34045
34046
34047
34048
340484
340489
34049
340493
340494
340495
340496
340499
340500
340502
340503
340506
340507
340508
340511
340512
340513
340514
340515
340517
340518
340519
340520
340521
340522
340523
340524
340525
340526
340527
340528
340535
340536
340537
340540
340688
34072
34073
34074
34075
34076
34078
34082
34083
34086
34087
34088
34089
34094
34096
340987
340988
340989
340990
340991
340992
340993
340994
340995
340996
340997
340998
340999
341000
341001
341002
341003
341004
341005
341006
341007
341008
341009
34101
341010
341012
341013
341014
341032
34105
34107
34108
34109
34110
34111
34114
34118
34123
34124
34126
34132
34133
34138
34139
34140
34141
34142
34156
34158
341627
341767
34182
34184
34186
34187
34188
34189
34197
34199
34202
34204
34206
34210
34211
34245
34246
34248
342530
34273
34279
34290
34291
34293
34294
343752
347369
347370
347371
347372
347373
347374
347375
347376
347377
347378
347379
347380
347381
347382
347383
347384
347385
347386
347387
347388
347389
347390
347391
34790
34791
34796
34802
34807
34831
34857
34858
34863
34866
348662
348665
34867
348711
348713
348714
348715
348723
348729
34873
348738
348739
348743
34875
348751
348753
34876
348766
348775
348785
348793
348799
348804
348807
348808
348809
348810
348816
34882
348824
348825
348826
348931
348934
348940
348942
348949
348959
348964
348971
348972
348973
348974
348975
348976
349001
349006
349014
349015
349018
349019
349020
349022
349023
349026
349032
349077
349078
349374
349380
349389
349408
349410
349412
349415
349418
349420
349425
349428
349458
349460
349464
349471
349472
349474
349475
349476
349477
349478
349480
349481
349493
359190
359439
359445
359481
359538
359862
359895
359907
360143
360152
365029
365055
365882
37504
375083
37711
37713
37730
37738
37739
37740
37749
37778
37843
37845
37846
37847
37863
37865
37870
37877
37886
37887
37888
37889
37890
38149
38150
38186
38190
38193
38197
38209
38215
38218
38220
38224
38238
38253
38260
38263
38266
38272
38273
38275
38277
38282
38287
38291
38292
38296
38378
38379
38382
38384
38386
38388
38389
38391
38402
38403
38404
38405
38406
38407
38408
38409
384126
384128
384313
384331
384372
384424
384436
384550
384592
384711
384720
384840
384991
385193
385232
385239
385241
385244
385250
385263
385319
385545
385546
385547
385645
385670
385856
385922
386013
386014
386068
386806
386807
386854
386855
386864
386871
386883
386964
386987
387120
387255
387535
387801
387833
38787
38788
38790
38791
38792
38793
38794
38796
38798
388226
388322
388419
388825
388959
389002
389031
389101
389122
389131
389134
389195
389209
389210
389211
389213
389384
389391
389404
389419
389440
389520
389527
389673
389674
389680
390000
390065
390146
390151
390366
390378
390381
390384
390479
390499
390501
390515
390547
390554
390564
390568
390667
390706
390770
390777
390785
390789
390799
390821
390842
390850
390892
390897
390904
390918
390969
390970
391008
391021
391022
391031
391033
391034
391047
391052
391055
391062
391075
391080
391085
391176
391260
391273
391287
391297
391312
391379
391402
391403
391444
391495
391522
391539
391541
391550
391591
391601
391604
391716
391747
391778
391887
39194
39214
392144
392156
39219
39225
392289
392305
39231
39254
39263
392809
392839
392859
392890
392974
39332
39336
39337
39338
39339
39342
39343
393456
39346
39347
393588
393591
393629
393649
393774
393788
393928
394050
394100
394117
394163
394387
394390
394447
395206
396332
396422
396883
397053
397097
397355
397491
397545
397546
397583
397621
397706
397738
397743
397759
397800
397860
397863
397868
397914
397916
397988
398017
398020
398060
398067
398144
398153
398243
398244
398246
398345
398607
399206
399310
399323
399330
399341
399346
399349
399350
399411
399509
399532
400337
4006
401738
402002
402077
402156
402523
402545
402554
402555
402572
402783
402970
402973
403707
403838
404039
404405
404524
404708
404847
405870
405871
405872
405873
405874
405875
405876
405877
405878
405879
405880
405881
405882
406041
406133
406854
406911
406958
406967
406990
406998
407005
407006
407112
407114
407116
407119
407200
407212
407213
407214
407215
407219
407222
411468
413777
41711
41731
42761
43769
43906
43911
43912
43913
43914
43917
43918
43919
43920
43922
43924
43925
43926
43927
43928
43929
43931
43932
43934
43935
43949
43950
43951
43955
43957
43960
43962
43964
43965
43966
43967
43968
43969
43970
43971
43972
43973
43975
43976
43977
43978
43981
43982
43989
43990
43992
43994
43995
44062
44075
44077
44078
44079
44081
44100
44101
44165
44166
44175
44178
44185
44187
44193
44196
44197
44199
44201
44202
44217
44218
44219
44220
44223
44225
44227
44228
44230
44232
44233
44235
44237
44240
44241
44243
44247
44251
44253
44254
44257
44259
44263
44264
44267
44268
44270
44271
44272
44274
44275
44459
44465
44467
44468
44469
44471
44472
44475
44476
44483
44495
44504
44506
44508
44515
44854
44862
45153
45157
455997
455998
455999
456000
456001
456002
456112
456219
456222
456223
456227
456229
456231
456233
456235
456239
456242
456243
456244
456245
456246
456247
456248
456249
456250
456282
456287
456289
456331
456332
456333
456334
456335
456336
456343
456349
456371
456372
456373
456376
456377
456378
456379
456398
456400
456406
456411
456412
456420
456437
456534
456536
456689
456690
456691
456707
456710
456721
456736
456737
456751
456765
456775
456841
456994
457002
457013
457081
457088
457090
457091
457096
457103
457108
457134
457141
457148
457150
457152
457153
457154
457156
457159
457166
457168
457231
45741
457451
457452
457453
457454
457455
457456
457457
457458
457463
457464
457467
457474
457481
457490
457503
457511
457517
457520
457521
457697
457759
457768
457770
457775
457777
457781
457782
45968
45976
45979
45981
461259
461425
461430
461437
461446
461458
461467
46161
46162
46168
46190
46192
46193
46339
46340
46341
46342
46345
46542
468702
472014
472015
474193
474605
474641
474643
474651
474662
474822
474888
474904
475106
475107
475161
475226
475573
475765
475781
475784
475795
475914
475923
475936
476005
476048
476208
476370
476372
476377
476391
476406
476413
476634
476654
476664
476740
476793
476802
476803
476804
476807
476934
477013
477104
477141
477148
477208
477230
477243
477429
477448
477470
477476
477521
477524
487536
487538
487542
487547
487553
487563
487604
487748
487752
487802
487821
487822
487852
487905
487924
487984
488100
488160
488346
488368
488373
488422
488562
488582
488890
488891
488892
488903
488912
488930
488931
489005
489021
489024
489069
489134
489142
489144
489151
489191
489368
489750
49205
49206
49207
50611
50612
50613
50614
51190
51191
51232
513847
513854
515577
515588
515608
515612
515618
53702
543082
543083
543084
543089
543091
543105
547903
548184
548689
55032
560597
561406
566299
570207
570209
578794
579239
584554
588857
588936
589464
589496
589687
589747
590578
590644
590876
590916
592500
593667
593753
594542
597324
605327
605531
605655
605800
605813
605919
605945
605952
605983
605986
606020
606057
606283
606301
606358
606365
606469
606476
606490
606534
606575
606656
606919
606959
607045
607098
607153
607220
607307
607406
607487
607646
607785
607822
607861
607938
607979
616808
616845
616883
616927
616936
616980
617007
618414
621638
621753
621793
621830
621900
621936
621976
621977
622054
622084
622088
622096
622117
622129
622176
622184
63150
633493
633521
633522
633538
633539
633540
633541
633542
633543
633545
633548
633549
633550
633551
633552
633553
633554
637528
641367
64876
64930
653213
65578
715906
78988
81609
83940
83946
83947
83951
83955
83956
83964
83965
83969
83970
83972
83973
83974
83975
83976
83977
83978
83979
83980
83982
83983
83987
83998
83999
84000
84005
84008
84009
84010
84011
84012
84013
84014
84019
84021
84040
84041
84043
84044
84051
84056
84067
84070
89274
89275
89594
89648
97812
348570
468443
468454
468454
468443
468687
468687
468489
468454
468489
468443
468688
468688
468687
468443
468445
468687
468443
468687
468443
468687
468688
468454
468687
468688
468489
468687
468687
468688
468454
468688
468489
468687
468687
468687
468454
468688
468443
468687
468443
468687
468688
468454
468443
468443
468489
468454
468687
468688
468443
468445
468688
468688
468687
468687
468688
468687
468688
468687
468687
468489
468454
468687
468688
468443
468443
468443
468443
468687
468687
468443
468687
468687
468445
468443
468687
468489
468445
468443
468489
468443
468454
468687
468443
468489
468687
468688
468687
468454
468443
468489
468687
468489
468687
468687
468443
468687
468443
468687
326935
468687
468687
468688
468445
468489
468443
468443
468687
468687
468454
468687
468688
468687
468688
468443
468443
468443
468443
468443
468454
468688
468454
468445
468688
468687
468688
468688
468454
468688
468687
468454
468489
468688
468489
468443
468688
468489
468443
468688
468443
468687
468688
468489
468454
468443
468687
468443
468443
468687
468687
468687
468688
468489
468443
468687
468687
468489
468443
468445
468443
468454
468489
468687
468687
468489
468443
468443
468688
468443
468688
468687
468489
468687
468687
468688
468688
468688
468489
468687
468445
468688
468454
468454
468489
468454
468688
468489
468687
468687
468489
468688
468687
468443
468687
468688
468489
468687
468687
468454
468687
468443
468454
468688
468443
468688
468489
468489
468443
468454
468687
468443
468687
468443
468445
468489
468489
468687
468688
468688
468688
468454
468688
468489
468489
468687
468443
468445
468687
468687
468489
468445
468687
468688
468489
468443
468687
468688
468489
468687
468688
468454
468687
468445
468445
468445
468443
468489
468687
468489
468687
468454
468489
468688
468445
468489
326935
468445
468688
468688
468687
326935
468687
468688
468687
468687
468454
468454
468443
468443
468688
468489
468443
468445
468489
468688
468688
468687
468489
468445
468443
468688
468687
468687
468688
468688
468443
468445
468688
468687
468443
468443
468687
468687
468489
468688
468687
468454
468443
468688
468687
468688
468687
468687
468687
468445
468687
468688
468489
468489
468688
468489
468688
468688
468688
468454
468443
468687
468687
468489
468454
468688
468443
468687
468688
468454
468443
468688
468687
468688
468688
468489
468688
468445
468489
468688
468688
468489
468688
468687
468687
468687
468688
468454
468688
468688
468688
468443
468443
468443
468688
468687
468454
468687
468687
468445
468489
468688
468687
468443
468687
468489
468687
468445
468687
468445
468445
468687
468687
468454
468454
468687
468687
468445
468443
468443
468687
468687
468443
468443
468688
468454
468688
468454
468688
468688
468687
468454
468687
468443
468445
468688
468489
468687
468687
468489
468445
468688
468688
468688
468489
468687
468454
468443
468688
468489
468687
468454
468687
468443
468688
468687
468443
468489
468688
468489
468687
468443
468443
468489
468687
468454
468688
468454
468443
468687
468688
468489
468489
468687
468688
468489
468454
468688
468687
468489
468688
468443
468454
468688
468489
468688
468443
468688
468443
468687
468687
468688
468687
468688
468454
468687
468687
468489
468443
468688
468688
468688
468688
468687
468687
468443
468443
468443
468489
468687
468445
468489
468443
468443
468687
468443
468688
468687
468687
468454
468443
468489
468687
468489
468688
468443
468489
468445
468445
468688
468688
468443
326935
468454
468687
468443
468443
468489
468443
468687
468454
468688
468688
468445
468688
468445
468688
468688
468489
468454
468489
468688
468443
468688
468687
468445
468443
468687
468454
468687
468489
468454
468443
468489
468687
468443
468688
468687
468445
468688
468688
468688
468687
468443
468489
468687
468445
468688
468687
468688
468454
468687
468688
468489
468489
468687
468445
468489
468688
468687
468688
468687
468688
468688
468454
468443
468443
468687
468443
468443
468443
468489