229577
441354
438764
299743
446465
50704
518394
91274
217504
307928
276160
282287
452399
300739
86467
142192
441075
554665
91757
573897
574291
4
441643
308315
251488
519777
464132
39110
439507
213168
102482
462425
254141
281298
550887
144797
296849
247371
443586
429360
48896
308515
427026
300609
554148
426712
219900
447871
429802
87539
573527
102432
558823
41577
255418
299879
288697
551766
621952
519934
53561
215772
279966
523448
430035
652760
94923
41574
217748
39897
300781
559353
436339
447616
292113
103849
98324
439600
215965
307766
440938
254097
283868
106895
552838
554302
435673
48924
554470
42283
307530
425827
427574
216981
517000
445124
297228
100382
426654
464008
558794
453359
573965
429965
463517
452541
453179
447287
434275
218180
516429
79419
454295
302908
281839
289198
58912
98651
219269
425733
134809
296948
141764
251309
87137
93031
52552
290434
430417
522288
215130
435633
448716
443124
96459
516900
106900
437211
80548
152823
206935
428674
520370
302348
426704
559155
574092
251242
429667
358206
445481
601128
600928
522375
300735
564874
430169
52359
442958
555052
220423
443541
551408
558166
429437
429385
441185
92999
633848
41446
97756
84546
600770
554437
439910
96526
263116
245363
248046
558345
442117
283583
523473
448282
452373
451701
575436
80359
217816
100736
430059
450526
52012
427780
429222
570591
279878
285008
87852
521335
438893
442076
299089
563802
555540
299074
90986
601300
554572
211337
80527
299670
79371
86651
520749
49448
446446
453342
517016
255786
246977
463796
564962
40203
95329
257997
100027
516555
357658
443762
248448
633640
552675
516647
449247
98390
451075
551694
434757
525568
449572
288236
89738
214646
38956
53264
440067
98528
217262
101019
301518
214936
444673
287972
441217
217353
98243
147556
443562
573973
290619
212586
606009
229478
435622
358229
530731
217343
616878
93651
520608
93032
517476
53578
211670
426995
142237
284100
426854
308536
606351
289520
462298
84235
439675
301762
303546
102767
429122
670590
550072
445472
217435
448751
550604
308055
448436
244319
51468
563759
517040
522246
100983
517440
440212
516412
425963
607883
147571
571295
454448
565019
144539
441826
251774
564957
219430
86515
229970
564799
258113
277570
430099
449135
51661
444251
453540
79416
281258
429842
521303
518345
58220
451107
215655
81304
135986
230383
551582
88373
301779
92948
518074
84151
622066
292082
217308
80139
107087
281365
43276
297493
551098
281040
293150
463779
449792
38139
444300
88832
440831
600807
550327
303160
600884
440771
453332
452762
144506
633663
442682
429386
443265
453338
41911
439127
554338
551902
307518
211378
573880
53009
575188
303661
600834
575081
573524
93262
441854
516715
53833
555498
652721
281855
58590
428928
444101
248879
600706
230147
552153
517989
297703
217067
301852
436752
138822
84763
521987
307427
444527
574127
606550
97076
98493
452291
94114
429326
98086
91344
52650
549124
97904
453569
98446
52436
520231
217438
448431
607920
102509
430180
220496
302543
450976
79272
87445
40710
289195
450423
453035
452861
107158
439251
440125
290621
430248
450044
102226
90006
518840
220266
442847
436663
283185
302001
220152
141747
440691
445357
39626
438874
216985
362009
293092
445673
520690
430258
555463
521596
607115
521563
282869
290432
518630
288267
514999
434188
430181
143550
95628
572523
555189
445508
443757
79285
216767
87786
554867
90140
446970
229745
80401
84657
439574
444095
80313
247806
453452
299208
